img	seed	mean	std	alpha_1	alpha_0	SSIM	PSNR	MS_SSIM	PSNR_HVS	PSNR_HMA	VIF	FSIM
1	1.417022	0.44064899	0.83404401	0.417022004702574	0.720324493442158	0.232632475598833	56.287708672055	0.396982484156864	52.1123244577366	68.0704803867988	0.00597611942350031	0.924183233141986
1	1.417022	0.44064899	0.83404401	0.435994902142004	0.0259262318278913	0.102990090155743	55.2102192601092	0.390229960256845	51.8979289787144	58.4950025095163	0.172494388196227	0.86030835066877
1	1.417022	0.44064899	0.83404401	0.550797902574576	0.708147822618105	0.227609104428803	56.2172618354133	0.374166480125708	52.0102457705351	68.0041420218447	0.00262805678055909	0.887799947313838
1	1.417022	0.44064899	0.83404401	0.967029839013677	0.547232249175722	0.230526904402257	56.277703487407	0.401023396233397	52.0918041953481	67.7969577450927	0.00408562328766629	0.910755427726598
1	1.417022	0.44064899	0.83404401	0.221993171089739	0.870732306177376	0.135650093613009	56.3089327198257	0.420055313239267	52.3064139250721	63.0948636301951	0.0521520641868551	0.903610244802597
1	1.417022	0.44064899	0.83404401	0.892860151436002	0.331979805301177	0.233312364334849	56.426691041185	0.4585459865671	52.3161776532583	66.7986378300465	0.0124690094025577	0.945041281090832
1	1.417022	0.44064899	0.83404401	0.0763082893739572	0.779918792240115	0.0901723954546218	54.8779312359049	0.385700877556572	51.958290848438	58.9734092572923	0.171173246926449	0.859509984684054
1	1.417022	0.44064899	0.83404401	0.873429402791816	0.968540662820932	0.226878665847397	56.1468853226583	0.344413242403246	51.9185447831805	68.1031048460382	0.00142733835921671	0.853977929246164
1	1.417022	0.44064899	0.83404401	0.0103741538857	0.501874592148739	0.0753088353685204	53.7180419773855	0.367384582503654	51.7370266138999	57.7796525116367	0.249958445378914	0.84972210337229
1	1.417022	0.44064899	0.83404401	0.771320643266746	0.0207519493594015	0.100919614874352	55.116846295436	0.387950257457122	51.8755406274163	58.3820782789089	0.179270262902862	0.85891897396199
2	2.4359949	-0.94814754	0.8719898	0.417022004702574	0.720324493442158	0.171097098751709	58.7453709074781	0.257462787165103	54.0526525921605	73.7308598684513	0.000545270791648552	0.834906735805267
2	2.4359949	-0.94814754	0.8719898	0.435994902142004	0.0259262318278913	0.0913935892935134	58.4240250778373	0.344629115716847	54.5317772288641	63.1028101100968	0.0765421598521775	0.871970170200942
2	2.4359949	-0.94814754	0.8719898	0.550797902574576	0.708147822618105	0.170936615444703	58.7325276176576	0.254153671296634	54.0368397839347	73.7269871592853	0.000420451779809862	0.826678064298085
2	2.4359949	-0.94814754	0.8719898	0.967029839013677	0.547232249175722	0.171523032766955	58.7804750965365	0.272535825117112	54.0946181382371	73.6082141426488	0.000659382076293203	0.854643048060101
2	2.4359949	-0.94814754	0.8719898	0.221993171089739	0.870732306177376	0.115875370933761	58.9706122679953	0.320604567136959	54.4463947600272	70.1817937576225	0.0153221993815836	0.924289088480986
2	2.4359949	-0.94814754	0.8719898	0.892860151436002	0.331979805301177	0.175895426023748	58.9281591493557	0.326090335390418	54.2811827646402	72.81579112585	0.00193037298966536	0.905011768339119
2	2.4359949	-0.94814754	0.8719898	0.0763082893739572	0.779918792240115	0.0734922290071184	58.0008220365827	0.329846983726045	54.5316077462094	64.0393753419336	0.0785091675998515	0.869754781149625
2	2.4359949	-0.94814754	0.8719898	0.873429402791816	0.968540662820932	0.170791469458011	58.7019151369072	0.243295764479373	53.9997958244352	73.7160153636016	0.000305070941447887	0.807859084449808
2	2.4359949	-0.94814754	0.8719898	0.0103741538857	0.501874592148739	0.064331143189193	56.9588029413103	0.322939233941886	54.3848069531016	62.1309534000541	0.127071196585939	0.859249383138733
2	2.4359949	-0.94814754	0.8719898	0.771320643266746	0.0207519493594015	0.0891307768612315	58.3276595894359	0.342007970429161	54.5096127843294	62.9213100514274	0.0808130568718241	0.86969861812843
3	3.5507979	0.41629565	1.10159581	0.417022004702574	0.720324493442158	0.242434110128534	56.7799948095154	0.404671399224127	52.5980971519233	68.1553509477547	0.00772254580641262	0.924167962704476
3	3.5507979	0.41629565	1.10159581	0.435994902142004	0.0259262318278913	0.0979867544552381	55.4562554118535	0.36057608848343	52.2875743520665	58.5344208947208	0.165110965979408	0.860741791978205
3	3.5507979	0.41629565	1.10159581	0.550797902574576	0.708147822618105	0.234635817996726	56.6900182182327	0.379595983073571	52.4649811429679	68.206054010277	0.00271534905964926	0.881595010324249
3	3.5507979	0.41629565	1.10159581	0.967029839013677	0.547232249175722	0.235109285613212	56.7525223216351	0.404966985140593	52.5511245788644	67.9227633681267	0.00410700021860084	0.907417447905757
3	3.5507979	0.41629565	1.10159581	0.221993171089739	0.870732306177376	0.129329564084458	56.7198627403608	0.398262494497313	52.7744756956069	62.9070803122899	0.05453066478206	0.902409482473724
3	3.5507979	0.41629565	1.10159581	0.892860151436002	0.331979805301177	0.24031454191375	56.8867052830387	0.444165905800339	52.7703376844375	66.6579685303756	0.0123438832313084	0.933400429197458
3	3.5507979	0.41629565	1.10159581	0.0763082893739572	0.779918792240115	0.0846016774544799	55.0336831903584	0.357518248241354	52.3530430077329	58.9515185323191	0.171497879441241	0.859224718580692
3	3.5507979	0.41629565	1.10159581	0.873429402791816	0.968540662820932	0.234390246042188	56.6118210900202	0.350833731818811	52.3672459377351	68.4275334215861	0.00147976529183121	0.843404497675118
3	3.5507979	0.41629565	1.10159581	0.0103741538857	0.501874592148739	0.0699446152829643	53.7666565308732	0.339489014535267	52.1090397235374	57.8089030886481	0.248938968684373	0.849739908754014
3	3.5507979	0.41629565	1.10159581	0.771320643266746	0.0207519493594015	0.0960303952940654	55.3533743615117	0.35863913110977	52.263542666703	58.4251530861159	0.17183358271183	0.859331577609963
4	4.96702984	0.0944645	1.93405968	0.417022004702574	0.720324493442158	0.250664823264769	58.2349002240249	0.34358309537658	53.9314948789436	70.3914468752937	0.00397215561568475	0.929527067110073
4	4.96702984	0.0944645	1.93405968	0.435994902142004	0.0259262318278913	0.0822188303937661	56.1471156986394	0.299722592982156	53.2266584508722	58.2703434555049	0.133908631776327	0.844578569905643
4	4.96702984	0.0944645	1.93405968	0.550797902574576	0.708147822618105	0.24617190583518	58.1440580243653	0.318437882100186	53.7961052626798	70.646466544907	0.00137175419127331	0.8850158783727
4	4.96702984	0.0944645	1.93405968	0.967029839013677	0.547232249175722	0.247461403807402	58.205773537859	0.342290945463531	53.8721695917854	70.1730204962471	0.00196798342792174	0.906195533883095
4	4.96702984	0.0944645	1.93405968	0.221993171089739	0.870732306177376	0.119189761329444	58.0104654535482	0.342442125227052	54.0235159646098	62.9132048705071	0.0428287411305188	0.878861470138423
4	4.96702984	0.0944645	1.93405968	0.892860151436002	0.331979805301177	0.241348609061922	58.3501090926429	0.384484459277258	54.0825602794982	68.1119614855001	0.00630166447645025	0.930567091493183
4	4.96702984	0.0944645	1.93405968	0.0763082893739572	0.779918792240115	0.0701699284654019	55.5664455131732	0.297789088821801	53.3289106681177	58.7058530818505	0.149692315435791	0.842946998728142
4	4.96702984	0.0944645	1.93405968	0.873429402791816	0.968540662820932	0.24401486989788	58.0755383650303	0.296374231965256	53.7135103598597	70.8835203692336	0.000681479017323489	0.85856802496138
4	4.96702984	0.0944645	1.93405968	0.0103741538857	0.501874592148739	0.0567226895087195	54.0552714608128	0.281981167607305	52.9928966905036	57.528985115791	0.222281600515115	0.836502750504722
4	4.96702984	0.0944645	1.93405968	0.771320643266746	0.0207519493594015	0.0803977907458568	56.0147104318282	0.297880574266621	53.193068420235	58.1554463487381	0.139937854811056	0.843579690335675
5	5.22199317	0.74146461	0.44398634	0.417022004702574	0.720324493442158	0.20741235956236	53.6067814817315	0.403838463724055	49.4686536350925	66.0803450819605	0.00454737196230564	0.903764810900909
5	5.22199317	0.74146461	0.44398634	0.435994902142004	0.0259262318278913	0.108481770271184	53.3468271223107	0.435802174841677	49.5678724096955	60.2391846350808	0.125405276990081	0.871806124950878
5	5.22199317	0.74146461	0.44398634	0.550797902574576	0.708147822618105	0.20325993330279	53.5910070082399	0.393322415862654	49.4433432588193	66.0241562487273	0.00277926748357314	0.892912649764668
5	5.22199317	0.74146461	0.44398634	0.967029839013677	0.547232249175722	0.203786851648398	53.6219654359747	0.418672262842727	49.4804463054341	65.9352476149631	0.0039753421454858	0.909161688614126
5	5.22199317	0.74146461	0.44398634	0.221993171089739	0.870732306177376	0.170583625468139	53.6939905875174	0.461177738073382	49.6334500407174	64.4964754799584	0.0326194073695514	0.918621359042563
5	5.22199317	0.74146461	0.44398634	0.892860151436002	0.331979805301177	0.215197200868673	53.6911081296042	0.478265644124461	49.5781539613412	65.7179672007411	0.00905110582003983	0.929442760674128
5	5.22199317	0.74146461	0.44398634	0.0763082893739572	0.779918792240115	0.0930474869558638	53.212286078007	0.429027714180379	49.5846320814494	60.7938449479199	0.121976178857415	0.871485122525503
5	5.22199317	0.74146461	0.44398634	0.873429402791816	0.968540662820932	0.202476286791602	53.5500633750863	0.36200174961441	49.39631398248	66.0593939454876	0.00162967412662921	0.856060425768115
5	5.22199317	0.74146461	0.44398634	0.0103741538857	0.501874592148739	0.0816668399974804	52.6363491081737	0.411512189528942	49.5038970315007	59.5039031711375	0.187492944738204	0.85962218844802
5	5.22199317	0.74146461	0.44398634	0.771320643266746	0.0207519493594015	0.106280972728429	53.3046270727319	0.433351181573403	49.5591484754449	60.1181968629071	0.131464562476713	0.869972230355877
6	6.89286015	-0.33604039	1.7857203	0.417022004702574	0.720324493442158	0.252958469329734	59.9548338993391	0.342215315947394	55.3969615909166	70.607789437439	0.00399221771201518	0.909181848760098
6	6.89286015	-0.33604039	1.7857203	0.435994902142004	0.0259262318278913	0.0935596968022102	57.5100718776064	0.334917372892025	54.7133570138973	58.7489567925308	0.145008986333724	0.853203391177166
6	6.89286015	-0.33604039	1.7857203	0.550797902574576	0.708147822618105	0.253758031901835	59.8571953526396	0.334987389692994	55.264675084077	70.8236718729482	0.00157637893100867	0.880568475249812
6	6.89286015	-0.33604039	1.7857203	0.967029839013677	0.547232249175722	0.251917318789717	59.9407607976188	0.351062205993932	55.3679026480622	70.1640638644953	0.0022791992034498	0.899774469651391
6	6.89286015	-0.33604039	1.7857203	0.221993171089739	0.870732306177376	0.130436784139801	59.8077601023039	0.363594244610514	55.6633319990365	63.5319646544336	0.0457171224300606	0.894475910958269
6	6.89286015	-0.33604039	1.7857203	0.892860151436002	0.331979805301177	0.241857307451444	60.1477300833603	0.38338550432922	55.6551940901774	68.122128701995	0.00680975834913502	0.931507526226636
6	6.89286015	-0.33604039	1.7857203	0.0763082893739572	0.779918792240115	0.0795442877348346	56.8263378296867	0.33191264861804	54.8340632903426	59.1979601455166	0.157048983254909	0.852348137147658
6	6.89286015	-0.33604039	1.7857203	0.873429402791816	0.968540662820932	0.253649532095589	59.7600492564105	0.314500167026215	55.1554826145012	71.3113669906131	0.000888682869513244	0.838383901411709
6	6.89286015	-0.33604039	1.7857203	0.0103741538857	0.501874592148739	0.0639040025003218	55.0697385698857	0.315866330893531	54.4053411864373	57.9784229678165	0.228706614514801	0.843349594563249
6	6.89286015	-0.33604039	1.7857203	0.771320643266746	0.0207519493594015	0.0914962425701766	57.3460049003882	0.333103210235158	54.670560808515	58.631600429979	0.151523969872126	0.851928713678433
7	7.07630829	0.55983758	0.15261658	0.417022004702574	0.720324493442158	0.223271318220656	54.2927542136923	0.541956537567542	50.1422775793802	64.647477672892	0.0129204470119708	0.910652755306887
7	7.07630829	0.55983758	0.15261658	0.435994902142004	0.0259262318278913	0.162463158223662	54.2807489275347	0.590010834230975	50.4981410334233	61.9597011696523	0.174172833033937	0.905098147825927
7	7.07630829	0.55983758	0.15261658	0.550797902574576	0.708147822618105	0.216105259482689	54.2580563749981	0.527519727994911	50.0970309653184	64.4312631143655	0.00798958774116999	0.901058591701022
7	7.07630829	0.55983758	0.15261658	0.967029839013677	0.547232249175722	0.217811381188908	54.3019720263125	0.557076008298823	50.1540086057185	64.4345830499255	0.0109031478540443	0.918588971401196
7	7.07630829	0.55983758	0.15261658	0.221993171089739	0.870732306177376	0.252902504296616	54.4608239630777	0.619916194520486	50.3930707753403	64.8589499579973	0.0516580465828231	0.959165034026115
7	7.07630829	0.55983758	0.15261658	0.892860151436002	0.331979805301177	0.236806302586291	54.3984470384291	0.622038263306975	50.294798323797	64.6677113716872	0.0209301677010637	0.944756392902747
7	7.07630829	0.55983758	0.15261658	0.0763082893739572	0.779918792240115	0.150805803544241	54.2237364758642	0.588345530852824	50.493511507066	62.5025537710738	0.162230676834332	0.908457741897025
7	7.07630829	0.55983758	0.15261658	0.873429402791816	0.968540662820932	0.214653115550051	54.1972961897106	0.484677461739552	50.0224011992167	64.3955759433628	0.00498887491118688	0.867229008568657
7	7.07630829	0.55983758	0.15261658	0.0103741538857	0.501874592148739	0.126437405363177	53.674076876141	0.564038424647834	50.4551734574589	61.2902335944267	0.254057899352577	0.889893669258752
7	7.07630829	0.55983758	0.15261658	0.771320643266746	0.0207519493594015	0.158507156866661	54.2431660540474	0.586798864867361	50.4930229031815	61.8443875055827	0.182679059129764	0.902490186096528
8	8.8734294	0.93708133	1.74685881	0.417022004702574	0.720324493442158	0.211909547088934	54.3158556502071	0.315734446500206	50.1847726112333	67.1399339973371	0.0025992867820078	0.907154620283035
8	8.8734294	0.93708133	1.74685881	0.435994902142004	0.0259262318278913	0.0728769667602921	53.5674868223381	0.300909653139124	49.9898586539317	58.7096232140097	0.103893505250889	0.847420423087181
8	8.8734294	0.93708133	1.74685881	0.550797902574576	0.708147822618105	0.21159104819489	54.3010341801818	0.310671996225572	50.1565790295237	67.3649467486068	0.00140585118738896	0.877519070579398
8	8.8734294	0.93708133	1.74685881	0.967029839013677	0.547232249175722	0.212782855046907	54.3307610382985	0.331735343254614	50.1973891778961	67.0787098990303	0.00234626563339341	0.892576433202315
8	8.8734294	0.93708133	1.74685881	0.221993171089739	0.870732306177376	0.103219675895299	54.2710915808499	0.327442494295636	50.2585863044184	62.8829865386686	0.0275938943922423	0.885772533625535
8	8.8734294	0.93708133	1.74685881	0.892860151436002	0.331979805301177	0.211404816962789	54.3821684750341	0.365611003285288	50.277206021511	65.9218142408789	0.00640059607909006	0.922143335043892
8	8.8734294	0.93708133	1.74685881	0.0763082893739572	0.779918792240115	0.0602957025345961	53.2820313589403	0.295960607008721	50.0390701115055	59.2038812335626	0.106241827100024	0.846716642266528
8	8.8734294	0.93708133	1.74685881	0.873429402791816	0.968540662820932	0.210848913489372	54.268284883292	0.289705178355532	50.1161777778309	67.5449367772228	0.000813541560691694	0.847325623748814
8	8.8734294	0.93708133	1.74685881	0.0103741538857	0.501874592148739	0.0506436221094282	52.4654102119285	0.281503521506008	49.8956761359596	58.0400628012591	0.161468656928993	0.837922171572564
8	8.8734294	0.93708133	1.74685881	0.771320643266746	0.0207519493594015	0.0713232300287079	53.5042581800774	0.29906575027569	49.9757896699504	58.6004929758964	0.108653910191562	0.846075767900697
9	9.01037415	0.00374918	0.02074831	0.417022004702574	0.720324493442158	0.446919606426884	65.510650849223	0.8359248472481	61.4009543712549	68.5686681245159	0.171069882306002	0.950729217124967
9	9.01037415	0.00374918	0.02074831	0.435994902142004	0.0259262318278913	0.456109303778001	69.7010179031042	0.919668090873921	69.0813475355712	70.8752551955731	0.621239547193749	0.977779411622429
9	9.01037415	0.00374918	0.02074831	0.550797902574576	0.708147822618105	0.359560121261969	63.8802094749118	0.787752590517764	59.6826416895285	66.0514975720826	0.0714174041404415	0.938607009086244
9	9.01037415	0.00374918	0.02074831	0.967029839013677	0.547232249175722	0.374184794475757	63.9697286227224	0.830171340010528	60.2673158968017	66.0580346345491	0.0647140669441219	0.949131328703205
9	9.01037415	0.00374918	0.02074831	0.221993171089739	0.870732306177376	0.611133085414166	69.3734603773922	0.944163286968823	66.3250180065891	75.3700314826877	0.419808513430135	0.989191969944033
9	9.01037415	0.00374918	0.02074831	0.892860151436002	0.331979805301177	0.451502484038829	65.3308974994135	0.902571369592292	62.7975815738074	67.9915154237228	0.129565774028395	0.97106799001801
9	9.01037415	0.00374918	0.02074831	0.0763082893739572	0.779918792240115	0.543012884843502	71.8112151940957	0.956268895226866	70.1532698519025	74.5955851283853	0.673216960090417	0.990242655150792
9	9.01037415	0.00374918	0.02074831	0.873429402791816	0.968540662820932	0.297255067272993	62.5610207676285	0.689189357704495	58.0652172785654	64.6789380282642	0.0234034420346572	0.91516276952573
9	9.01037415	0.00374918	0.02074831	0.0103741538857	0.501874592148739	0.362070226137395	67.2640931628745	0.877488010178001	68.1622471433123	69.5982538460012	0.859316698239857	0.967419581247817
9	9.01037415	0.00374918	0.02074831	0.771320643266746	0.0207519493594015	0.439642697557348	69.5024300893449	0.911474332450657	68.8879854575791	70.5620768591327	0.645466584354964	0.97544825955277
10	10.77132064	-0.9584961	1.54264129	0.417022004702574	0.720324493442158	0.211315929520958	59.4996956982411	0.270007466795599	54.7874072766664	73.6868471653594	0.00144226802070514	0.877194375558381
10	10.77132064	-0.9584961	1.54264129	0.435994902142004	0.0259262318278913	0.0899766904292095	58.3274160708301	0.301810146311519	54.8111587036451	60.71736261268	0.10450349756006	0.860950774348004
10	10.77132064	-0.9584961	1.54264129	0.550797902574576	0.708147822618105	0.210458707354591	59.4516470880569	0.261170495945242	54.7228187026486	73.8853684604067	0.000506771749234884	0.855104413965072
10	10.77132064	-0.9584961	1.54264129	0.967029839013677	0.547232249175722	0.211583749208466	59.5183944885567	0.285014799762218	54.804163593839	73.4106389552232	0.000895075166535428	0.883133579198435
10	10.77132064	-0.9584961	1.54264129	0.221993171089739	0.870732306177376	0.123122378288795	59.6329786227012	0.31555177053601	55.2130542392717	67.0633825312749	0.0269762903708186	0.897717955025207
10	10.77132064	-0.9584961	1.54264129	0.892860151436002	0.331979805301177	0.216267993903788	59.7095906194241	0.338802344195297	55.0488617172005	71.5222030274343	0.00337044167490107	0.922997831853731
10	10.77132064	-0.9584961	1.54264129	0.0763082893739572	0.779918792240115	0.0754584621363948	57.7955928735748	0.297896852056365	54.9095646352098	61.5266961619721	0.109475214727363	0.859641276576323
10	10.77132064	-0.9584961	1.54264129	0.873429402791816	0.968540662820932	0.208942156671902	59.3989429105733	0.241585464143115	54.6599442817824	74.0690973946146	0.000286005990424567	0.831353616914606
10	10.77132064	-0.9584961	1.54264129	0.0103741538857	0.501874592148739	0.0643881372560766	56.4057115268884	0.28713035922077	54.5971791816004	59.9311440525961	0.165905288478349	0.850883349841726
10	10.77132064	-0.9584961	1.54264129	0.771320643266746	0.0207519493594015	0.0879609849839844	58.1951775093605	0.300096528076845	54.7774327489537	60.5743150384878	0.109528814265696	0.859193230017703
