img	seed	mean	std	alpha_1	alpha_0	lambda	SSIM	PSNR
1	1.417022	0.44064899	0.83404401	0.00417022004702574	0.00720324493442158	1.14374817344887e-05	0.225741193836083	7.84508951951792
1	1.417022	0.44064899	0.83404401	0.00435994902142004	0.000259262318278913	0.0549662477878709	0.0749788336683279	5.53363367608443
1	1.417022	0.44064899	0.83404401	0.00550797902574576	0.00708147822618105	0.0290904738912944	0.121769115455428	8.02998270314698
1	1.417022	0.44064899	0.83404401	0.00967029839013677	0.00547232249175722	0.0972684359964884	0.0986337247247082	7.06474973923234
1	1.417022	0.44064899	0.83404401	0.00221993171089739	0.00870732306177376	0.0206719155339426	0.0971035540304182	7.19330823554565
1	1.417022	0.44064899	0.83404401	0.00892860151436002	0.00331979805301177	0.0821229123057832	0.0987569194712606	6.91584221269135
1	1.417022	0.44064899	0.83404401	0.000763082893739572	0.00779918792240115	0.0438409231440893	0.0759237327927677	5.65375719729557
1	1.417022	0.44064899	0.83404401	0.00873429402791816	0.00968540662820932	0.086919454021392	0.0952795660773815	7.08328868992677
1	1.417022	0.44064899	0.83404401	0.000103741538857	0.00501874592148739	0.0495773293134146	0.0724191966149658	5.35265274239661
1	1.417022	0.44064899	0.83404401	0.00771320643266746	0.000207519493594015	0.0633648234926275	0.07409373334279	5.46990451836424
2	2.4359949	-0.94814754	0.8719898	0.00417022004702574	0.00720324493442158	1.14374817344887e-05	0.163067424933162	10.3654761996117
2	2.4359949	-0.94814754	0.8719898	0.00435994902142004	0.000259262318278913	0.0549662477878709	0.0650356736577252	8.81545303568589
2	2.4359949	-0.94814754	0.8719898	0.00550797902574576	0.00708147822618105	0.0290904738912944	0.0985054413423563	10.8223434330401
2	2.4359949	-0.94814754	0.8719898	0.00967029839013677	0.00547232249175722	0.0972684359964884	0.0836604613512046	10.2008909579819
2	2.4359949	-0.94814754	0.8719898	0.00221993171089739	0.00870732306177376	0.0206719155339426	0.0774965683517346	10.2248110420869
2	2.4359949	-0.94814754	0.8719898	0.00892860151436002	0.00331979805301177	0.0821229123057832	0.0883612124853496	10.2153975684754
2	2.4359949	-0.94814754	0.8719898	0.000763082893739572	0.00779918792240115	0.0438409231440893	0.064613398295673	8.89154528739898
2	2.4359949	-0.94814754	0.8719898	0.00873429402791816	0.00968540662820932	0.086919454021392	0.0781175945146652	10.166753396714
2	2.4359949	-0.94814754	0.8719898	0.000103741538857	0.00501874592148739	0.0495773293134146	0.0620468113800089	8.60190328379884
2	2.4359949	-0.94814754	0.8719898	0.00771320643266746	0.000207519493594015	0.0633648234926275	0.064002978668761	8.73866062865742
3	3.5507979	0.41629565	1.10159581	0.00417022004702574	0.00720324493442158	1.14374817344887e-05	0.229259139602177	8.28287343455604
3	3.5507979	0.41629565	1.10159581	0.00435994902142004	0.000259262318278913	0.0549662477878709	0.0696146847650894	5.57488137545558
3	3.5507979	0.41629565	1.10159581	0.00550797902574576	0.00708147822618105	0.0290904738912944	0.115034789237972	8.3939083244068
3	3.5507979	0.41629565	1.10159581	0.00967029839013677	0.00547232249175722	0.0972684359964884	0.0923015251685593	7.25655595393358
3	3.5507979	0.41629565	1.10159581	0.00221993171089739	0.00870732306177376	0.0206719155339426	0.09128570036957	7.40443543504816
3	3.5507979	0.41629565	1.10159581	0.00892860151436002	0.00331979805301177	0.0821229123057832	0.0922599853751249	7.09479284365491
3	3.5507979	0.41629565	1.10159581	0.000763082893739572	0.00779918792240115	0.0438409231440893	0.0704601714968543	5.70183971365118
3	3.5507979	0.41629565	1.10159581	0.00873429402791816	0.00968540662820932	0.086919454021392	0.0896810992274783	7.29166920417827
3	3.5507979	0.41629565	1.10159581	0.000103741538857	0.00501874592148739	0.0495773293134146	0.0670570094342425	5.38019639214827
3	3.5507979	0.41629565	1.10159581	0.00771320643266746	0.000207519493594015	0.0633648234926275	0.0687414107564919	5.50642150412373
4	4.96702984	0.0944645	1.93405968	0.00417022004702574	0.00720324493442158	1.14374817344887e-05	0.240360259812644	9.74261586652463
4	4.96702984	0.0944645	1.93405968	0.00435994902142004	0.000259262318278913	0.0549662477878709	0.0563286982191258	5.85008440418097
4	4.96702984	0.0944645	1.93405968	0.00550797902574576	0.00708147822618105	0.0290904738912944	0.10320995913926	9.52851317522694
4	4.96702984	0.0944645	1.93405968	0.00967029839013677	0.00547232249175722	0.0972684359964884	0.076794357767034	7.88465472477325
4	4.96702984	0.0944645	1.93405968	0.00221993171089739	0.00870732306177376	0.0206719155339426	0.0770028341507041	8.08003393905107
4	4.96702984	0.0944645	1.93405968	0.00892860151436002	0.00331979805301177	0.0821229123057832	0.0763341217694209	7.66820292671544
4	4.96702984	0.0944645	1.93405968	0.000763082893739572	0.00779918792240115	0.0438409231440893	0.0571101906892111	5.99447474100449
4	4.96702984	0.0944645	1.93405968	0.00873429402791816	0.00968540662820932	0.086919454021392	0.0752777462870363	7.9311202206989
4	4.96702984	0.0944645	1.93405968	0.000103741538857	0.00501874592148739	0.0495773293134146	0.054230264120919	5.62823644263592
4	4.96702984	0.0944645	1.93405968	0.00771320643266746	0.000207519493594015	0.0633648234926275	0.0555611367907831	5.767184478214
5	5.22199317	0.74146461	0.44398634	0.00417022004702574	0.00720324493442158	1.14374817344887e-05	0.200157787460408	5.3221944900448
5	5.22199317	0.74146461	0.44398634	0.00435994902142004	0.000259262318278913	0.0549662477878709	0.0819728525084183	4.48632869900135
5	5.22199317	0.74146461	0.44398634	0.00550797902574576	0.00708147822618105	0.0290904738912944	0.139418034096427	5.53747826991191
5	5.22199317	0.74146461	0.44398634	0.00967029839013677	0.00547232249175722	0.0972684359964884	0.103060359907024	5.22435566735223
5	5.22199317	0.74146461	0.44398634	0.00221993171089739	0.00870732306177376	0.0206719155339426	0.0989956872396896	5.26369921452867
5	5.22199317	0.74146461	0.44398634	0.00892860151436002	0.00331979805301177	0.0821229123057832	0.105453409616734	5.18109697900653
5	5.22199317	0.74146461	0.44398634	0.000763082893739572	0.00779918792240115	0.0438409231440893	0.0820558863856212	4.54582493170944
5	5.22199317	0.74146461	0.44398634	0.00873429402791816	0.00968540662820932	0.086919454021392	0.0975573855343099	5.22621432608735
5	5.22199317	0.74146461	0.44398634	0.000103741538857	0.00501874592148739	0.0495773293134146	0.0791339396089423	4.37558647012029
5	5.22199317	0.74146461	0.44398634	0.00771320643266746	0.000207519493594015	0.0633648234926275	0.080989383825067	4.44618186286688
6	6.89286015	-0.33604039	1.7857203	0.00417022004702574	0.00720324493442158	1.14374817344887e-05	0.247628889216575	11.2807038455639
6	6.89286015	-0.33604039	1.7857203	0.00435994902142004	0.000259262318278913	0.0549662477878709	0.0635000513253028	6.86331630477159
6	6.89286015	-0.33604039	1.7857203	0.00550797902574576	0.00708147822618105	0.0290904738912944	0.114145213113073	11.2542675149724
6	6.89286015	-0.33604039	1.7857203	0.00967029839013677	0.00547232249175722	0.0972684359964884	0.0868302485042767	9.24015739725676
6	6.89286015	-0.33604039	1.7857203	0.00221993171089739	0.00870732306177376	0.0206719155339426	0.0872688181320605	9.47013245161101
6	6.89286015	-0.33604039	1.7857203	0.00892860151436002	0.00331979805301177	0.0821229123057832	0.0869342038186085	9.01117174048714
6	6.89286015	-0.33604039	1.7857203	0.000763082893739572	0.00779918792240115	0.0438409231440893	0.0643478179851238	7.02448964624285
6	6.89286015	-0.33604039	1.7857203	0.00873429402791816	0.00968540662820932	0.086919454021392	0.0853985934085059	9.29195045961111
6	6.89286015	-0.33604039	1.7857203	0.000103741538857	0.00501874592148739	0.0495773293134146	0.0609915307201462	6.60788150788978
6	6.89286015	-0.33604039	1.7857203	0.00771320643266746	0.000207519493594015	0.0633648234926275	0.0626454089309105	6.77341033264726
7	7.07630829	0.55983758	0.15261658	0.00417022004702574	0.00720324493442158	1.14374817344887e-05	0.204904390671146	5.88239921856729
7	7.07630829	0.55983758	0.15261658	0.00435994902142004	0.000259262318278913	0.0549662477878709	0.126734044731944	5.52594743783314
7	7.07630829	0.55983758	0.15261658	0.00550797902574576	0.00708147822618105	0.0290904738912944	0.235775358551876	6.35410537287273
7	7.07630829	0.55983758	0.15261658	0.00967029839013677	0.00547232249175722	0.0972684359964884	0.170082731565057	6.20993833900687
7	7.07630829	0.55983758	0.15261658	0.00221993171089739	0.00870732306177376	0.0206719155339426	0.168743655355961	6.23245870702811
7	7.07630829	0.55983758	0.15261658	0.00892860151436002	0.00331979805301177	0.0821229123057832	0.168340661115224	6.16723986024129
7	7.07630829	0.55983758	0.15261658	0.000763082893739572	0.00779918792240115	0.0438409231440893	0.127516325519807	5.59128213981239
7	7.07630829	0.55983758	0.15261658	0.00873429402791816	0.00968540662820932	0.086919454021392	0.164485512586427	6.20850266929285
7	7.07630829	0.55983758	0.15261658	0.000103741538857	0.00501874592148739	0.0495773293134146	0.122535079641957	5.41372856713774
7	7.07630829	0.55983758	0.15261658	0.00771320643266746	0.000207519493594015	0.0633648234926275	0.125253554133085	5.48555956321511
8	8.8734294	0.93708133	1.74685881	0.00417022004702574	0.00720324493442158	1.14374817344887e-05	0.207474450658357	6.05230648328331
8	8.8734294	0.93708133	1.74685881	0.00435994902142004	0.000259262318278913	0.0549662477878709	0.0505589399564514	4.29745849745539
8	8.8734294	0.93708133	1.74685881	0.00550797902574576	0.00708147822618105	0.0290904738912944	0.0857247190468517	6.03121839303128
8	8.8734294	0.93708133	1.74685881	0.00967029839013677	0.00547232249175722	0.0972684359964884	0.0659667092830333	5.37109551963374
8	8.8734294	0.93708133	1.74685881	0.00221993171089739	0.00870732306177376	0.0206719155339426	0.064976681498964	5.45524832364479
8	8.8734294	0.93708133	1.74685881	0.00892860151436002	0.00331979805301177	0.0821229123057832	0.0676275365724674	5.29797723384532
8	8.8734294	0.93708133	1.74685881	0.000763082893739572	0.00779918792240115	0.0438409231440893	0.0508706580842755	4.37727586291434
8	8.8734294	0.93708133	1.74685881	0.00873429402791816	0.00968540662820932	0.086919454021392	0.063828751556169	5.38772816290451
8	8.8734294	0.93708133	1.74685881	0.000103741538857	0.00501874592148739	0.0495773293134146	0.0486322310477957	4.15897304111764
8	8.8734294	0.93708133	1.74685881	0.00771320643266746	0.000207519493594015	0.0633648234926275	0.0499169588785357	4.24939462567085
9	9.01037415	0.00374918	0.02074831	0.00417022004702574	0.00720324493442158	1.14374817344887e-05	0.259563051146235	12.2821595431165
9	9.01037415	0.00374918	0.02074831	0.00435994902142004	0.000259262318278913	0.0549662477878709	0.360973869328211	19.0449595269782
9	9.01037415	0.00374918	0.02074831	0.00550797902574576	0.00708147822618105	0.0290904738912944	0.591799371430178	21.7207031994506
9	9.01037415	0.00374918	0.02074831	0.00967029839013677	0.00547232249175722	0.0972684359964884	0.559124998278753	22.6722131547388
9	9.01037415	0.00374918	0.02074831	0.00221993171089739	0.00870732306177376	0.0206719155339426	0.621376917454377	23.8087539368485
9	9.01037415	0.00374918	0.02074831	0.00892860151436002	0.00331979805301177	0.0821229123057832	0.518922037596103	22.1985601680685
9	9.01037415	0.00374918	0.02074831	0.000763082893739572	0.00779918792240115	0.0438409231440893	0.373994317773341	19.7308396647888
9	9.01037415	0.00374918	0.02074831	0.00873429402791816	0.00968540662820932	0.086919454021392	0.602504087594699	23.6708409519671
9	9.01037415	0.00374918	0.02074831	0.000103741538857	0.00501874592148739	0.0495773293134146	0.345039822434547	18.2181947120126
9	9.01037415	0.00374918	0.02074831	0.00771320643266746	0.000207519493594015	0.0633648234926275	0.355346357207648	18.7597253576558
10	10.77132064	-0.9584961	1.54264129	0.00417022004702574	0.00720324493442158	1.14374817344887e-05	0.203286404611596	11.0618365835763
10	10.77132064	-0.9584961	1.54264129	0.00435994902142004	0.000259262318278913	0.0549662477878709	0.0645421456930084	8.23665732637586
10	10.77132064	-0.9584961	1.54264129	0.00550797902574576	0.00708147822618105	0.0290904738912944	0.10262002237494	11.3183991894541
10	10.77132064	-0.9584961	1.54264129	0.00967029839013677	0.00547232249175722	0.0972684359964884	0.0833527954363735	10.095133564433
10	10.77132064	-0.9584961	1.54264129	0.00221993171089739	0.00870732306177376	0.0206719155339426	0.0806736369268479	10.2162347540589
10	10.77132064	-0.9584961	1.54264129	0.00892860151436002	0.00331979805301177	0.0821229123057832	0.0862271069966557	10.043340711565
10	10.77132064	-0.9584961	1.54264129	0.000763082893739572	0.00779918792240115	0.0438409231440893	0.0647264229653267	8.3514700992672
10	10.77132064	-0.9584961	1.54264129	0.00873429402791816	0.00968540662820932	0.086919454021392	0.0797025814369743	10.0979221637119
10	10.77132064	-0.9584961	1.54264129	0.000103741538857	0.00501874592148739	0.0495773293134146	0.0621112793752123	7.9990801413545
10	10.77132064	-0.9584961	1.54264129	0.00771320643266746	0.000207519493594015	0.0633648234926275	0.063729726170754	8.15406657936433
